704556927018991686 438767282328436737 5 aloe
704556927018991686 438767282328436737 2 jade
558979299177136164 438767282328436737 2 mint
558979299177136164 438767282328436737 1 maple
558979299177136164 438767282328436737 2 monstera
485716797706993705 438767282328436737 1 jade
646401965596868628 438767282328436737 2 aloe
485716797706993705 438767282328436737 1 aloe
646401965596868628 438767282328436737 1 jade
1043197880023928944 438767282328436737 1 sedum
646401965596868628 438767282328436737 1 yucca
646401965596868628 438767282328436737 1 yucca
704556927018991686 438767282328436737 1 aloe
485716797706993705 438767282328436737 1 jade
646401965596868628 438767282328436737 2 mint
1043197880023928944 438767282328436737 6 mint
646401965596868628 438767282328436737 1 jade
704556927018991686 438767282328436737 2 aloe
485716797706993705 438767282328436737 1 aloe
553093932012011520 438767282328436737 1 monstera
558979299177136164 438767282328436737 1 jade
558979299177136164 438767282328436737 1 monstera
558979299177136164 438767282328436737 1 sedum
558979299177136164 438767282328436737 1 heuchera
1043197880023928944 438767282328436737 1 jade
822431137544405022 438767282328436737 1 monstera
704556927018991686 438767282328436737 1 aloe
704556927018991686 438767282328436737 2 yucca
646401965596868628 438767282328436737 3 bay
1043197880023928944 438767282328436737 1 aloe
485716797706993705 438767282328436737 1 sedum
485716797706993705 438767282328436737 5 aloe
1043197880023928944 438767282328436737 1 aloe
553093932012011520 438767282328436737 3 aloe
553093932012011520 438767282328436737 4 jade
558979299177136164 438767282328436737 2 bay
558979299177136164 438767282328436737 1 heuchera
704556927018991686 438767282328436737 2 aloe
646401965596868628 438767282328436737 2 aloe
1043197880023928944 438767282328436737 1 aloe
558979299177136164 438767282328436737 1 jade
485716797706993705 438767282328436737 1 bay
704556927018991686 438767282328436737 1 bay
646401965596868628 438767282328436737 1 mint
1043197880023928944 438767282328436737 7 mint
1043197880023928944 438767282328436737 2 bay
553093932012011520 438767282328436737 2 mint
553093932012011520 438767282328436737 1 jade
485716797706993705 438767282328436737 1 bay
558979299177136164 438767282328436737 2 aloe
704556927018991686 438767282328436737 2 mint
534806202698432514 438767282328436737 1 bay
534806202698432514 438767282328436737 2 monstera
553093932012011520 438767282328436737 2 aloe
553093932012011520 438767282328436737 2 sedum
704556927018991686 438767282328436737 1 monstera
558979299177136164 438767282328436737 1 mint
704556927018991686 438767282328436737 1 monstera
553093932012011520 438767282328436737 1 jade
704556927018991686 438767282328436737 2 mint
1043197880023928944 438767282328436737 1 jade
1043197880023928944 438767282328436737 1 mint
646401965596868628 438767282328436737 1 bay
646401965596868628 438767282328436737 1 jade
704556927018991686 438767282328436737 1 mint
646401965596868628 438767282328436737 2 mint
1043197880023928944 438767282328436737 1 aloe
485716797706993705 438767282328436737 1 aloe
485716797706993705 438767282328436737 5 jade
558979299177136164 438767282328436737 2 aloe
558979299177136164 438767282328436737 4 monstera
1043197880023928944 438767282328436737 1 bay
646401965596868628 438767282328436737 3 mint
646401965596868628 438767282328436737 7 bay
646401965596868628 438767282328436737 1 yucca
558979299177136164 438767282328436737 2 aloe
1043197880023928944 438767282328436737 2 aloe
704556927018991686 438767282328436737 1 yucca
558979299177136164 438767282328436737 2 mint
704556927018991686 438767282328436737 1 aloe
558979299177136164 438767282328436737 1 bay
558979299177136164 438767282328436737 1 bay
1043197880023928944 438767282328436737 1 mint
1043197880023928944 438767282328436737 1 bay
1043197880023928944 438767282328436737 1 aloe
1043197880023928944 438767282328436737 2 jade
704556927018991686 438767282328436737 1 aloe
646401965596868628 438767282328436737 1 monstera
553093932012011520 438767282328436737 6 aloe
558979299177136164 438767282328436737 2 mint
704556927018991686 438767282328436737 2 mint
704556927018991686 438767282328436737 2 jade
646401965596868628 438767282328436737 2 aloe
485716797706993705 438767282328436737 1 bay
1043197880023928944 438767282328436737 2 jade
1043197880023928944 438767282328436737 2 bay
646401965596868628 438767282328436737 1 aloe
704556927018991686 438767282328436737 2 bay
646401965596868628 438767282328436737 2 jade
646401965596868628 438767282328436737 1 bay
553093932012011520 438767282328436737 1 bay
553093932012011520 438767282328436737 1 aloe
1043197880023928944 438767282328436737 1 bay
646401965596868628 438767282328436737 2 bay
485716797706993705 438767282328436737 6 mint
485716797706993705 438767282328436737 2 bay
558979299177136164 438767282328436737 1 bay
558979299177136164 438767282328436737 1 yucca
877345121790730252 438767282328436737 1 heuchera
877345121790730252 438767282328436737 1 monstera
877345121790730252 438767282328436737 1 sedum
877345121790730252 438767282328436737 1 flapjack
877345121790730252 438767282328436737 1 bay
877345121790730252 438767282328436737 1 aloe
877345121790730252 438767282328436737 1 jade
772501410092023852 438767282328436737 1 bay
772501410092023852 438767282328436737 2 aloe
772501410092023852 438767282328436737 1 yucca
772501410092023852 438767282328436737 2 flapjack
877345121790730252 438767282328436737 1 mint
772501410092023852 438767282328436737 1 mint
553093932012011520 438767282328436737 2 jade
558979299177136164 438767282328436737 5 aloe
553093932012011520 438767282328436737 2 monstera
436178855104086037 438767282328436737 1 flapjack
436178855104086037 438767282328436737 1 maple
436178855104086037 438767282328436737 1 bay
436178855104086037 438767282328436737 1 jade
436178855104086037 438767282328436737 1 yucca
436178855104086037 438767282328436737 1 heuchera
1043197880023928944 438767282328436737 1 mint
436178855104086037 438767282328436737 1 bay
704556927018991686 438767282328436737 1 monstera
646401965596868628 438767282328436737 1 aloe
772501410092023852 438767282328436737 1 monstera
436178855104086037 438767282328436737 2 aloe
1043197880023928944 438767282328436737 7 bay
1043197880023928944 438767282328436737 1 yucca
553093932012011520 438767282328436737 1 maple
553093932012011520 438767282328436737 2 jade
553093932012011520 438767282328436737 1 yucca
704556927018991686 438767282328436737 2 aloe
485716797706993705 438767282328436737 1 bay
1043197880023928944 438767282328436737 1 aloe
772501410092023852 438767282328436737 2 jade
646401965596868628 438767282328436737 2 aloe
1043197880023928944 438767282328436737 1 monstera
772501410092023852 438767282328436737 1 bay
877345121790730252 438767282328436737 1 jade
877345121790730252 438767282328436737 1 monstera
553093932012011520 438767282328436737 1 sedum
772501410092023852 438767282328436737 1 aloe
553093932012011520 438767282328436737 1 aloe
485716797706993705 438767282328436737 1 aloe
878298928582361120 438767282328436737 1 mint
878298928582361120 438767282328436737 7 bay
878298928582361120 438767282328436737 7 aloe
877345121790730252 438767282328436737 1 jade
646401965596868628 438767282328436737 1 bay
646401965596868628 438767282328436737 5 aloe
646401965596868628 438767282328436737 1 monstera
772501410092023852 438767282328436737 1 aloe
772501410092023852 438767282328436737 1 aloe
436178855104086037 438767282328436737 9 mint
436178855104086037 438767282328436737 1 aloe
1043197880023928944 438767282328436737 2 aloe
553093932012011520 438767282328436737 1 monstera
877345121790730252 438767282328436737 1 monstera
772501410092023852 438767282328436737 1 aloe
436178855104086037 438767282328436737 1 yucca
646401965596868628 438767282328436737 1 aloe
704556927018991686 438767282328436737 7 bay
704556927018991686 438767282328436737 1 bay
772501410092023852 438767282328436737 1 jade
878298928582361120 438767282328436737 1 yucca
553093932012011520 438767282328436737 1 mint
553093932012011520 438767282328436737 1 mint
553093932012011520 438767282328436737 2 aloe
1043197880023928944 438767282328436737 7 mint
1043197880023928944 438767282328436737 2 bay
553093932012011520 438767282328436737 5 aloe
772501410092023852 438767282328436737 1 jade
772501410092023852 438767282328436737 1 jade
646401965596868628 438767282328436737 2 jade
646401965596868628 438767282328436737 1 aloe
878298928582361120 438767282328436737 1 aloe
1043197880023928944 438767282328436737 1 jade
877345121790730252 438767282328436737 1 jade
646401965596868628 438767282328436737 1 mint
1043197880023928944 438767282328436737 2 mint
704556927018991686 438767282328436737 1 jade
704556927018991686 438767282328436737 3 yucca
553093932012011520 438767282328436737 1 bay
553093932012011520 438767282328436737 1 monstera
553093932012011520 438767282328436737 3 yucca
772501410092023852 438767282328436737 1 bay
534806202698432514 438767282328436737 1 monstera
534806202698432514 438767282328436737 1 bay
772501410092023852 438767282328436737 1 yucca
877345121790730252 438767282328436737 1 yucca
877345121790730252 438767282328436737 1 sedum
646401965596868628 438767282328436737 1 aloe
646401965596868628 438767282328436737 3 yucca
1043197880023928944 438767282328436737 3 yucca
877345121790730252 438767282328436737 1 yucca
1043197880023928944 438767282328436737 1 yucca
553093932012011520 438767282328436737 1 bay
553093932012011520 438767282328436737 1 jade
772501410092023852 438767282328436737 1 jade
877345121790730252 438767282328436737 1 monstera
485716797706993705 438767282328436737 1 aloe
485716797706993705 438767282328436737 5 yucca
485716797706993705 438767282328436737 2 sedum
485716797706993705 438767282328436737 1 agave
438767282328436737 436178855104086037 1 agave
436178855104086037 438767282328436737 1 agave
436178855104086037 438767282328436737 5 aloe
436178855104086037 438767282328436737 2 jade
436178855104086037 438767282328436737 3 yucca
436178855104086037 438767282328436737 2 sedum
534806202698432514 438767282328436737 1 tomentosa
534806202698432514 438767282328436737 2 sedum
438767282328436737 373266820792188928 1 agave
438767282328436737 772501410092023852 1 tomentosa
772501410092023852 438767282328436737 1 bay
772501410092023852 438767282328436737 1 yucca
772501410092023852 438767282328436737 1 sedum
772501410092023852 438767282328436737 1 heuchera
772501410092023852 438767282328436737 1 tomentosa
553093932012011520 772501410092023852 1 licorice
553093932012011520 438767282328436737 2 sedum
553093932012011520 438767282328436737 1 jade
772501410092023852 438767282328436737 1 licorice
447051455849824276 822431137544405022 1 flapjack
447051455849824276 822431137544405022 1 maple
822431137544405022 447051455849824276 6 bay
822431137544405022 447051455849824276 1 aloe
822431137544405022 447051455849824276 3 yucca
822431137544405022 447051455849824276 2 sedum
822431137544405022 1025746626867908669 1 flapjack
822431137544405022 1025746626867908669 1 maple
1025746626867908669 447051455849824276 2 aloe
1025746626867908669 447051455849824276 2 monstera
1025746626867908669 447051455849824276 3 yucca
1025746626867908669 447051455849824276 2 sedum
759768475144028191 447051455849824276 2 mint
759768475144028191 447051455849824276 6 bay
759768475144028191 447051455849824276 3 yucca
759768475144028191 447051455849824276 2 sedum
759768475144028191 447051455849824276 1 maple
759768475144028191 447051455849824276 1 flapjack
438767282328436737 1043197880023928944 1 licorice
438767282328436737 878298928582361120 1 tomentosa
1043197880023928944 438767282328436737 1 licorice
1043197880023928944 438767282328436737 2 sedum
878298928582361120 438767282328436737 3 yucca
878298928582361120 438767282328436737 2 sedum
878298928582361120 438767282328436737 1 tomentosa
438767282328436737 646401965596868628 1 tomentosa
646401965596868628 438767282328436737 2 sedum
646401965596868628 438767282328436737 1 tomentosa
646401965596868628 438767282328436737 2 aloe
646401965596868628 438767282328436737 9 mint
1043197880023928944 438767282328436737 1 jade
553093932012011520 438767282328436737 5 aloe
1043197880023928944 438767282328436737 1 yucca
772501410092023852 438767282328436737 1 bay
553093932012011520 438767282328436737 1 bay
558979299177136164 438767282328436737 2 bay
558979299177136164 438767282328436737 1 jade
558979299177136164 438767282328436737 2 jade
558979299177136164 438767282328436737 3 yucca
646401965596868628 438767282328436737 2 mint
1043197880023928944 438767282328436737 1 bay
373266820792188928 438767282328436737 4 mint
772501410092023852 438767282328436737 1 bay
872058344003739678 438767282328436737 1 flapjack
646401965596868628 438767282328436737 3 mint
646401965596868628 438767282328436737 1 aloe
553093932012011520 438767282328436737 2 mint
877345121790730252 438767282328436737 1 monstera
772501410092023852 438767282328436737 1 aloe
772501410092023852 438767282328436737 1 heuchera
436178855104086037 438767282328436737 2 mint
553093932012011520 438767282328436737 3 aloe
553093932012011520 438767282328436737 1 monstera
534806202698432514 438767282328436737 1 aloe
704556927018991686 438767282328436737 2 mint
704556927018991686 438767282328436737 2 aloe
558979299177136164 438767282328436737 3 monstera
558979299177136164 438767282328436737 2 sedum
558979299177136164 438767282328436737 1 tomentosa
558979299177136164 438767282328436737 1 bay
878298928582361120 438767282328436737 6 aloe
485716797706993705 438767282328436737 5 jade
485716797706993705 438767282328436737 1 aloe
877345121790730252 438767282328436737 1 aloe
534806202698432514 438767282328436737 2 jade
878298928582361120 438767282328436737 1 aloe
558979299177136164 438767282328436737 1 bay
877345121790730252 438767282328436737 1 jade
878298928582361120 438767282328436737 1 mint
558979299177136164 438767282328436737 1 aloe
485716797706993705 438767282328436737 1 jade
558979299177136164 438767282328436737 7 bay
558979299177136164 438767282328436737 1 aloe
877345121790730252 438767282328436737 1 aloe
877345121790730252 438767282328436737 1 monstera
878298928582361120 438767282328436737 1 bay
878298928582361120 438767282328436737 5 aloe
878298928582361120 438767282328436737 1 jade
704556927018991686 438767282328436737 3 monstera
704556927018991686 438767282328436737 3 jade
704556927018991686 438767282328436737 3 bay
704556927018991686 438767282328436737 7 mint
1043197880023928944 438767282328436737 2 bay
1043197880023928944 438767282328436737 1 jade
1043197880023928944 438767282328436737 1 monstera
1043197880023928944 438767282328436737 1 yucca
878298928582361120 438767282328436737 4 monstera
878298928582361120 438767282328436737 2 mint
878298928582361120 438767282328436737 1 jade
558979299177136164 438767282328436737 4 jade
872058344003739678 438767282328436737 1 mint
872058344003739678 438767282328436737 1 bay
872058344003739678 438767282328436737 1 aloe
872058344003739678 438767282328436737 1 jade
872058344003739678 438767282328436737 1 yucca
872058344003739678 438767282328436737 1 heuchera
872058344003739678 438767282328436737 1 flapjack
558979299177136164 438767282328436737 1 monstera
553093932012011520 438767282328436737 1 mint
553093932012011520 438767282328436737 1 bay
553093932012011520 438767282328436737 1 jade
553093932012011520 438767282328436737 1 monstera
553093932012011520 438767282328436737 1 yucca
553093932012011520 438767282328436737 1 sedum
553093932012011520 438767282328436737 1 heuchera
558979299177136164 438767282328436737 1 jade
436178855104086037 438767282328436737 1 heuchera
436178855104086037 438767282328436737 1 sedum
436178855104086037 438767282328436737 1 aloe
436178855104086037 438767282328436737 1 yucca
646401965596868628 438767282328436737 3 bay
646401965596868628 438767282328436737 8 aloe
646401965596868628 438767282328436737 5 jade
646401965596868628 438767282328436737 1 monstera
646401965596868628 438767282328436737 1 yucca
646401965596868628 438767282328436737 1 tomentosa
704556927018991686 438767282328436737 1 bay
704556927018991686 438767282328436737 1 aloe
1043197880023928944 438767282328436737 1 sedum
1043197880023928944 438767282328436737 1 bay
558979299177136164 438767282328436737 1 bay
704556927018991686 438767282328436737 3 jade
558979299177136164 438767282328436737 2 aloe
646401965596868628 438767282328436737 2 bay
646401965596868628 438767282328436737 1 yucca
436178855104086037 438767282328436737 2 mint
436178855104086037 438767282328436737 3 monstera
436178855104086037 438767282328436737 1 bay
558979299177136164 438767282328436737 1 aloe
558979299177136164 438767282328436737 4 jade
558979299177136164 438767282328436737 2 aloe
553093932012011520 438767282328436737 6 mint
553093932012011520 438767282328436737 1 bay
553093932012011520 438767282328436737 1 sedum
558979299177136164 438767282328436737 1 mint
704556927018991686 438767282328436737 8 mint
1043197880023928944 438767282328436737 1 sedum
1043197880023928944 438767282328436737 2 mint
704556927018991686 438767282328436737 1 yucca
646401965596868628 438767282328436737 1 bay
646401965596868628 438767282328436737 2 aloe
646401965596868628 438767282328436737 3 monstera
878298928582361120 438767282328436737 1 bay
878298928582361120 438767282328436737 3 jade
646401965596868628 438767282328436737 1 mint
1043197880023928944 438767282328436737 1 aloe
558979299177136164 438767282328436737 3 mint
558979299177136164 438767282328436737 4 jade
1043197880023928944 438767282328436737 5 jade
1043197880023928944 438767282328436737 2 bay
878298928582361120 438767282328436737 2 mint
878298928582361120 438767282328436737 5 aloe
646401965596868628 438767282328436737 7 bay
646401965596868628 438767282328436737 2 aloe
534806202698432514 553093932012011520 9 bay
438767282328436737 553093932012011520 1 maple
553093932012011520 534806202698432514 9 bay
438767282328436737 558979299177136164 1 sedum
772501410092023852 438767282328436737 1 mint
558979299177136164 438767282328436737 10 bay
558979299177136164 438767282328436737 1 sedum
772501410092023852 438767282328436737 1 bay
772501410092023852 438767282328436737 1 aloe
772501410092023852 438767282328436737 1 jade
772501410092023852 438767282328436737 1 monstera
772501410092023852 438767282328436737 3 heuchera
553093932012011520 438767282328436737 1 monstera
436178855104086037 438767282328436737 11 mint
436178855104086037 438767282328436737 10 bay
436178855104086037 438767282328436737 2 aloe
436178855104086037 438767282328436737 3 jade
436178855104086037 438767282328436737 1 yucca
553093932012011520 438767282328436737 1 heuchera
772501410092023852 438767282328436737 3 mint
534806202698432514 438767282328436737 1 mint
534806202698432514 438767282328436737 1 monstera
534806202698432514 438767282328436737 1 sedum
534806202698432514 438767282328436737 1 heuchera
438767282328436737 1043197880023928944 1 heuchera
1043197880023928944 438767282328436737 1 heuchera
1043197880023928944 438767282328436737 10 bay
1043197880023928944 438767282328436737 2 aloe
436178855104086037 704556927018991686 1 monstera
436178855104086037 704556927018991686 1 mint
438767282328436737 704556927018991686 1 monstera
704556927018991686 438767282328436737 1 monstera
704556927018991686 436178855104086037 1 monstera
704556927018991686 436178855104086037 1 mint
558979299177136164 438767282328436737 1 aloe
772501410092023852 438767282328436737 3 mint
772501410092023852 438767282328436737 1 sedum
1043197880023928944 438767282328436737 3 bay
438767282328436737 373266820792188928 1 heuchera
878298928582361120 438767282328436737 1 bay
373266820792188928 438767282328436737 1 sedum
878298928582361120 438767282328436737 3 bay
878298928582361120 438767282328436737 1 yucca
373266820792188928 438767282328436737 2 yucca
438767282328436737 373266820792188928 1 heuchera
438767282328436737 373266820792188928 2 heuchera
438767282328436737 373266820792188928 1 heuchera
558979299177136164 438767282328436737 7 bay
558979299177136164 438767282328436737 1 monstera
438767282328436737 436178855104086037 1 mint
436178855104086037 438767282328436737 1 mint
485716797706993705 438767282328436737 2 aloe
485716797706993705 438767282328436737 2 jade
438767282328436737 436178855104086037 1 mint
438767282328436737 436178855104086037 1 mint
438767282328436737 436178855104086037 1 mint
485716797706993705 438767282328436737 1 jade
646401965596868628 438767282328436737 2 aloe
646401965596868628 438767282328436737 3 monstera
772501410092023852 438767282328436737 5 aloe
878298928582361120 438767282328436737 10 bay
485716797706993705 438767282328436737 3 bay
558979299177136164 438767282328436737 3 bay
558979299177136164 438767282328436737 2 monstera
878298928582361120 438767282328436737 1 aloe
558979299177136164 438767282328436737 1 sedum
558979299177136164 438767282328436737 1 aloe
485716797706993705 438767282328436737 1 aloe
1025746626867908669 447051455849824276 2 bay
1025746626867908669 447051455849824276 2 sedum
822431137544405022 447051455849824276 1 aloe
822431137544405022 447051455849824276 1 monstera
759768475144028191 447051455849824276 1 aloe
759768475144028191 447051455849824276 4 jade
1043197880023928944 438767282328436737 3 jade
1043197880023928944 438767282328436737 2 aloe
485716797706993705 438767282328436737 3 mint
1043197880023928944 438767282328436737 3 sedum
1043197880023928944 438767282328436737 3 mint
1043197880023928944 438767282328436737 1 jade
438767282328436737 704556927018991686 1 tomentosa
438767282328436737 576065759185338371 1 flapjack
438767282328436737 373266820792188928 2 maple
438767282328436737 373266820792188928 4 heuchera
438767282328436737 373266820792188928 10 sedum
438767282328436737 817212706355413052 10 sedum
438767282328436737 817212706355413052 30 yucca
438767282328436737 817212706355413052 20 monstera
438767282328436737 704556927018991686 110 mint
438767282328436737 817212706355413052 60 mint
438767282328436737 817212706355413052 30 bay
438767282328436737 817212706355413052 30 bay
438767282328436737 553093932012011520 169 bay
438767282328436737 553093932012011520 3 aloe
438767282328436737 576065759185338371 157 aloe
704556927018991686 438767282328436737 20 aloe
438767282328436737 704556927018991686 8 aloe
438767282328436737 576065759185338371 10 aloe
553093932012011520 438767282328436737 1 bay
576065759185338371 438767282328436737 3 mint
1043197880023928944 438767282328436737 3 mint
485716797706993705 438767282328436737 1 jade
558979299177136164 438767282328436737 4 mint
558979299177136164 438767282328436737 20 aloe
485716797706993705 438767282328436737 1 jade
485716797706993705 438767282328436737 50 mint
438767282328436737 704556927018991686 3 mint
817212706355413052 438767282328436737 11 mint
373266820792188928 438767282328436737 7 jade
373266820792188928 438767282328436737 6 monstera
373266820792188928 438767282328436737 1 yucca
373266820792188928 438767282328436737 11 sedum
373266820792188928 438767282328436737 15 heuchera
373266820792188928 438767282328436737 2 maple
704556927018991686 438767282328436737 138 mint
704556927018991686 438767282328436737 16 bay
704556927018991686 438767282328436737 19 aloe
704556927018991686 438767282328436737 6 jade
704556927018991686 438767282328436737 3 monstera
704556927018991686 438767282328436737 1 tomentosa
438767282328436737 373266820792188928 1 tomentosa
553093932012011520 438767282328436737 170 bay
553093932012011520 438767282328436737 24 aloe
553093932012011520 438767282328436737 13 mint
553093932012011520 438767282328436737 1 flapjack
553093932012011520 438767282328436737 1 yucca
553093932012011520 438767282328436737 3 jade
553093932012011520 438767282328436737 1 monstera
373266820792188928 438767282328436737 2 monstera
485716797706993705 438767282328436737 5 aloe
485716797706993705 438767282328436737 3 mint
704556927018991686 438767282328436737 32 bay
772501410092023852 438767282328436737 3 mint
772501410092023852 438767282328436737 1 yucca
872058344003739678 438767282328436737 1 bay
872058344003739678 438767282328436737 2 bay
485716797706993705 438767282328436737 2 aloe
558979299177136164 438767282328436737 1 jade
558979299177136164 438767282328436737 1 monstera
576065759185338371 438767282328436737 167 aloe
1043197880023928944 438767282328436737 2 bay
1043197880023928944 438767282328436737 4 jade
1043197880023928944 438767282328436737 1 aloe
646401965596868628 438767282328436737 15 bay
646401965596868628 438767282328436737 15 aloe
646401965596868628 438767282328436737 9 jade
438767282328436737 436178855104086037 1 tomentosa
436178855104086037 438767282328436737 1 maple
436178855104086037 438767282328436737 1 tomentosa
436178855104086037 438767282328436737 8 mint
436178855104086037 438767282328436737 2 bay
436178855104086037 438767282328436737 1 yucca
877345121790730252 438767282328436737 3 jade
877345121790730252 438767282328436737 3 aloe
877345121790730252 438767282328436737 1 heuchera
877345121790730252 438767282328436737 1 yucca
558979299177136164 438767282328436737 3 bay
1043197880023928944 438767282328436737 1 jade
646401965596868628 438767282328436737 3 mint
646401965596868628 438767282328436737 2 bay
704556927018991686 438767282328436737 16 mint
704556927018991686 438767282328436737 3 bay
704556927018991686 438767282328436737 1 aloe
1043197880023928944 438767282328436737 3 bay
558979299177136164 438767282328436737 2 jade
558979299177136164 438767282328436737 3 mint
1043197880023928944 438767282328436737 19 aloe
1043197880023928944 438767282328436737 3 bay
558979299177136164 438767282328436737 2 jade
558979299177136164 438767282328436737 3 mint
436178855104086037 438767282328436737 1 mint
436178855104086037 438767282328436737 14 mint
436178855104086037 438767282328436737 5 bay
436178855104086037 438767282328436737 23 aloe
436178855104086037 438767282328436737 3 jade
436178855104086037 438767282328436737 1 sedum
436178855104086037 438767282328436737 1 jade
436178855104086037 438767282328436737 1 monstera
436178855104086037 438767282328436737 1 jade
1043197880023928944 438767282328436737 4 mint
1043197880023928944 438767282328436737 2 aloe
704556927018991686 438767282328436737 18 mint
704556927018991686 438767282328436737 41 bay
704556927018991686 438767282328436737 1 monstera
1043197880023928944 438767282328436737 4 jade
1043197880023928944 438767282328436737 2 jade
704556927018991686 438767282328436737 8 mint
1043197880023928944 438767282328436737 1 bay
1043197880023928944 438767282328436737 1 jade
1043197880023928944 438767282328436737 1 sedum
558979299177136164 438767282328436737 3 jade
558979299177136164 438767282328436737 1 yucca
558979299177136164 438767282328436737 2 bay
704556927018991686 438767282328436737 19 mint
704556927018991686 438767282328436737 1 aloe
704556927018991686 438767282328436737 5 jade
704556927018991686 438767282328436737 1 monstera
1043197880023928944 438767282328436737 1 yucca
1043197880023928944 438767282328436737 1 yucca
1043197880023928944 438767282328436737 1 aloe
704556927018991686 438767282328436737 1 sedum
704556927018991686 823896940847824936 2 sedum
704556927018991686 438767282328436737 11 bay
704556927018991686 438767282328436737 4 aloe
704556927018991686 438767282328436737 8 bay
704556927018991686 438767282328436737 56 mint
704556927018991686 438767282328436737 2 jade
704556927018991686 438767282328436737 1 monstera
704556927018991686 438767282328436737 71 mint
704556927018991686 438767282328436737 20 bay
704556927018991686 438767282328436737 16 aloe
704556927018991686 438767282328436737 8 jade
704556927018991686 438767282328436737 7 monstera
704556927018991686 438767282328436737 6 sedum
704556927018991686 438767282328436737 1 agave
373266820792188928 438767282328436737 51 mint
817212706355413052 438767282328436737 119 mint
373266820792188928 438767282328436737 20 bay
817212706355413052 438767282328436737 43 bay
373266820792188928 438767282328436737 25 aloe
817212706355413052 438767282328436737 61 aloe
373266820792188928 438767282328436737 18 jade
817212706355413052 438767282328436737 7 jade
373266820792188928 438767282328436737 1 monstera
817212706355413052 438767282328436737 2 monstera
373266820792188928 438767282328436737 5 monstera
817212706355413052 438767282328436737 1 sedum
373266820792188928 438767282328436737 9 yucca
817212706355413052 438767282328436737 1 agave
373266820792188928 438767282328436737 3 sedum
373266820792188928 438767282328436737 1 tomentosa
772501410092023852 438767282328436737 65 mint
772501410092023852 438767282328436737 2 aloe
772501410092023852 438767282328436737 2 jade
772501410092023852 438767282328436737 2 monstera
436178855104086037 438767282328436737 339 mint
436178855104086037 438767282328436737 173 bay
436178855104086037 438767282328436737 98 aloe
436178855104086037 438767282328436737 30 jade
436178855104086037 438767282328436737 10 monstera
436178855104086037 438767282328436737 17 yucca
436178855104086037 438767282328436737 7 sedum
436178855104086037 438767282328436737 16 mint
1043197880023928944 438767282328436737 1 yucca
1043197880023928944 438767282328436737 3 bay
553093932012011520 438767282328436737 11 mint
553093932012011520 438767282328436737 4 bay
553093932012011520 438767282328436737 5 jade
553093932012011520 438767282328436737 1 monstera
553093932012011520 438767282328436737 1 yucca
553093932012011520 438767282328436737 1 sedum
553093932012011520 438767282328436737 1 heuchera
553093932012011520 438767282328436737 2 agave
878298928582361120 438767282328436737 1 mint
878298928582361120 438767282328436737 35 mint
878298928582361120 438767282328436737 1 mint
878298928582361120 438767282328436737 25 bay
878298928582361120 438767282328436737 3 mint
878298928582361120 438767282328436737 22 aloe
878298928582361120 438767282328436737 11 jade
878298928582361120 438767282328436737 2 monstera
878298928582361120 438767282328436737 6 yucca
878298928582361120 438767282328436737 1 sedum
877345121790730252 438767282328436737 1 mint
877345121790730252 438767282328436737 168 mint
877345121790730252 438767282328436737 55 bay
877345121790730252 438767282328436737 49 aloe
877345121790730252 438767282328436737 1 jade
877345121790730252 438767282328436737 21 jade
877345121790730252 438767282328436737 6 monstera
877345121790730252 438767282328436737 9 yucca
877345121790730252 438767282328436737 6 sedum
553093932012011520 438767282328436737 2 aloe
646401965596868628 438767282328436737 60 mint
646401965596868628 438767282328436737 6 bay
646401965596868628 438767282328436737 23 aloe
646401965596868628 438767282328436737 12 jade
646401965596868628 438767282328436737 2 monstera
646401965596868628 438767282328436737 4 yucca
553093932012011520 438767282328436737 1 jade
553093932012011520 438767282328436737 15 aloe
872058344003739678 438767282328436737 13 mint
872058344003739678 438767282328436737 2 bay
872058344003739678 438767282328436737 1 aloe
872058344003739678 438767282328436737 1 aloe
872058344003739678 438767282328436737 1 aloe
872058344003739678 438767282328436737 2 jade
872058344003739678 438767282328436737 1 yucca
872058344003739678 438767282328436737 1 sedum
872058344003739678 438767282328436737 1 flapjack
872058344003739678 438767282328436737 1 agave
872058344003739678 438767282328436737 1 echeveria
576065759185338371 438767282328436737 2 agave
553093932012011520 438767282328436737 1 monstera
704556927018991686 438767282328436737 1 yucca
772501410092023852 438767282328436737 1 monstera
878298928582361120 438767282328436737 2 jade
704556927018991686 438767282328436737 4 mint
704556927018991686 438767282328436737 3 bay
704556927018991686 438767282328436737 2 aloe
704556927018991686 438767282328436737 5 jade
704556927018991686 438767282328436737 5 yucca
772501410092023852 438767282328436737 10 bay
485716797706993705 438767282328436737 3 bay
485716797706993705 438767282328436737 4 aloe
438767282328436737 373266820792188928 1 tomentosa
438767282328436737 436178855104086037 1 tomentosa
438767282328436737 485716797706993705 1 tomentosa
438767282328436737 553093932012011520 1 tomentosa
438767282328436737 822431137544405022 1 tomentosa
